0 10 4 9 13 16 8 15 17 11 10 6 2 5 10 9 3
20 0 15 13 7 9 6 2 1 10 16 10 6 9 3 3 2
2 15 0 6 8 3 16 9 16 4 16 10 17 10 17 10 10
1 6 19 0 10 14 3 17 5 20 14 2 20 18 10 20 11
2 13 7 9 0 3 7 2 4 18 8 20 8 2 4 11 14
16 18 15 17 8 0 5 6 1 1 3 16 16 12 4 20 7
8 18 17 18 11 15 0 7 4 20 20 20 13 3 17 8 6
18 19 4 5 17 13 9 20 15 16 11 14 14 9 18 5 3
6 1 9 9 16 6 12 16 0 15 12 14 16 16 17 4 1
16 16 19 16 1 15 5 19 14 0 12 13 20 3 13 3 16
6 20 2 14 19 20 10 13 18 6 0 15 17 14 8 2 10
4 10 14 16 6 7 1 2 8 8 7 0 15 20 5 4 11
20 6 20 18 10 7 6 9 4 11 7 12 0 8 9 15 5
9 10 7 2 3 10 15 18 3 17 17 7 6 0 2 8 17
19 19 9 8 18 17 1 6 15 20 12 1 3 5 0 18 4
13 19 4 8 11 16 17 9 20 18 19 9 14 4 18 0 15
3 16 3 9 12 16 20 3 14 19 7 15 11 11 11 9 0